##################################################### 
# This is a Log Capturing the Random Forest Tree Results
# Created:  Mon Jan  2 08:17:40 2017 
##################################################### 
 
 

                             A         B         C         D         E
num_window           16.024718 20.763105 22.884317 21.042931 18.135973
roll_belt            15.061804 20.069067 18.121956 21.421957 17.159104
pitch_belt           11.521232 20.271608 16.186241 18.682291 16.258959
yaw_belt             17.761668 21.710618 21.203173 21.762556 14.281758
total_accel_belt      7.985035 10.013000  8.026394  8.324065  7.294517
gyros_belt_x          6.489707  9.222908  8.962467  6.754466 11.958591
gyros_belt_y          5.062034  7.525845  6.663050  6.655441  9.447508
gyros_belt_z          9.860442 12.899770 10.312663 10.699562 12.141820
accel_belt_x          6.723981  9.113073  8.819301  7.318663  7.538151
accel_belt_y          6.580888  6.292784  7.093961  7.721691  5.768616
accel_belt_z          8.929455  9.790304 10.851120 10.403680  9.073536
magnet_belt_x         7.643335 15.024559 10.940130 11.507913 11.324437
magnet_belt_y        10.164274 11.661418 11.841930 10.460043  9.930806
magnet_belt_z         8.610183 11.757244 10.537555 13.671386 11.347376
roll_arm              9.633819 11.718844 11.389241 12.418387  9.689523
pitch_arm             7.073879 10.688642  9.337041  8.702393  8.319898
yaw_arm               9.173545 11.939660 10.645555 11.988869  9.033401
total_accel_arm       4.065773 12.255909  9.802004  8.862552  9.268660
gyros_arm_x           6.837997 11.437193 10.861925 10.785481  9.099866
gyros_arm_y           7.971706 14.940366 14.673269 12.732876 14.524770
gyros_arm_z           5.875256  8.059275  8.957054  6.546702  5.483843
accel_arm_x           8.073746  9.365019  9.578887 11.111666  9.078450
accel_arm_y           8.930798  9.947869  8.872118  8.288839  8.252510
accel_arm_z           5.751341 11.962215 10.149486 11.749863  9.531502
magnet_arm_x          6.816815  6.693087  7.484870  7.446436  6.181297
magnet_arm_y          5.344110  7.884725  8.305119  9.261945  4.847302
magnet_arm_z          8.965879  9.517644 10.359628  8.870976  7.686243
roll_dumbbell         9.505241 11.000897 11.837891 11.557742 11.799073
pitch_dumbbell        5.788875 10.194994  6.994982  6.316711  6.727654
yaw_dumbbell          7.643916 10.647247 11.281808  9.802804  9.502272
total_accel_dumbbell 10.199545 10.755427 10.441957 10.456604 11.596779
gyros_dumbbell_x      6.489330 12.204698 10.340114 10.152866 10.660845
gyros_dumbbell_y      9.501006 11.032729 12.581875  9.683094  8.360437
gyros_dumbbell_z      9.068930 10.599558 10.667101  9.234897  8.032108
accel_dumbbell_x      6.808127 10.951642  8.703480  8.802517 12.044264
accel_dumbbell_y     13.243606 15.250873 12.722820 13.034037 12.410119
accel_dumbbell_z      9.749849 10.720788 10.541446 10.879988 13.819947
magnet_dumbbell_x    11.123105 11.951287 12.775915 12.074963 11.065135
magnet_dumbbell_y    16.584411 17.133598 18.400051 15.858149 15.173647
magnet_dumbbell_z    19.610103 19.604542 20.571914 18.842012 17.182463
roll_forearm         12.012509 10.960342 12.472810 10.011947  9.625897
pitch_forearm        15.495576 16.432206 18.601045 14.862421 14.638193
yaw_forearm           9.091583  8.621935  9.578849  8.638759  8.376614
total_accel_forearm   7.476333  9.409764  9.291175  9.505572  9.274844
gyros_forearm_x       6.171802  9.217549  8.574533  7.464346  7.878066
gyros_forearm_y       6.029547 12.686295 12.245724 11.465795  8.036672
gyros_forearm_z       7.281156 10.690183  9.885007 11.040826  9.143009
accel_forearm_x       7.013529 12.469541 11.209159 13.021706 10.339376
accel_forearm_y       6.755595 10.711374 10.587576  9.340770 10.125554
accel_forearm_z       9.568225 10.744983 10.790727 10.122767 11.917588
magnet_forearm_x      6.253818  9.352312  8.039123  8.192869  8.275685
magnet_forearm_y      8.626153  9.361469  8.495428  7.425499  7.871474
magnet_forearm_z      8.811970 14.265156 13.322005 14.713244 11.355168
                     MeanDecreaseAccuracy MeanDecreaseGini
num_window                      21.812618       2086.02468
roll_belt                       21.637675       1627.72503
pitch_belt                      20.668116        959.11980
yaw_belt                        27.520206       1133.04870
total_accel_belt                10.257521        325.90343
gyros_belt_x                    10.374099        122.18924
gyros_belt_y                     7.983096        158.39258
gyros_belt_z                    13.564700        375.72891
accel_belt_x                    11.340411        157.84164
accel_belt_y                     8.568848        169.02132
accel_belt_z                    12.143365        501.03548
magnet_belt_x                   14.350032        342.96042
magnet_belt_y                   12.517295        468.36757
magnet_belt_z                   12.906328        515.44606
roll_arm                        13.790242        424.43246
pitch_arm                       10.859147        230.57481
yaw_arm                         12.943445        295.89065
total_accel_arm                 10.170574        117.55136
gyros_arm_x                     11.000457        163.76744
gyros_arm_y                     18.088131        152.42418
gyros_arm_z                     11.060543         63.26546
accel_arm_x                     10.295814        325.42604
accel_arm_y                     11.223355        180.45479
accel_arm_z                     12.350177        136.62487
magnet_arm_x                     7.222631        315.26480
magnet_arm_y                     7.480713        249.11900
magnet_arm_z                    10.912352        194.22427
roll_dumbbell                   12.252131        546.27555
pitch_dumbbell                   7.869416        231.89803
yaw_dumbbell                    12.189236        297.90259
total_accel_dumbbell            12.833809        341.31610
gyros_dumbbell_x                15.813607        139.85569
gyros_dumbbell_y                12.207088        281.77080
gyros_dumbbell_z                14.504690         90.19071
accel_dumbbell_x                10.305355        381.66965
accel_dumbbell_y                16.207887        511.56615
accel_dumbbell_z                13.250517        448.37199
magnet_dumbbell_x               12.976302        613.45545
magnet_dumbbell_y               19.609452        900.27515
magnet_dumbbell_z               24.019058       1012.00935
roll_forearm                    11.830875        735.83625
pitch_forearm                   19.469173       1046.87957
yaw_forearm                     10.995771        197.48178
total_accel_forearm             11.256279        122.83480
gyros_forearm_x                 11.727381         85.62149
gyros_forearm_y                 14.257345        130.06487
gyros_forearm_z                 12.544092        100.66151
accel_forearm_x                 11.552417        409.22500
accel_forearm_y                 11.502167        148.49568
accel_forearm_z                 13.374053        302.88610
magnet_forearm_x                 8.652204        249.72640
magnet_forearm_y                 9.600141        254.96171
magnet_forearm_z                17.073383        345.73828
 

 


 


